# count   time      X_ECEF_m     Y_ECEF_m     Z_ECEF_m     VX_ECEF_mps  VY_ECEF_mps  VZ_ECEF_mps  q0       q1       q2       q3
     0   0.000000 -3729050.81730 3935675.61263 -3348394.25763      0.00000      0.00000     -0.00000 -0.153752  0.045890  0.909781  0.382823
     1   0.100000 -3729050.81361 3935675.61731 -3348394.25683      0.52840      0.66822      0.11367 -0.153752  0.045890  0.909781  0.382823
     2   0.200000 -3729050.81256 3935675.61864 -3348394.25661      0.23643      0.29898      0.05086 -0.153752  0.045890  0.909781  0.382823
     3   0.300000 -3729050.81244 3935675.61878 -3348394.25658      0.05497      0.06951      0.01183 -0.153752  0.045890  0.909781  0.382823
     4   0.400000 -3729050.81249 3935675.61872 -3348394.25659      0.00186      0.00235      0.00040 -0.153752  0.045890  0.909781  0.382823
     5   0.500000 -3729050.81253 3935675.61867 -3348394.25660     -0.00446     -0.00563     -0.00096 -0.153752  0.045890  0.909781  0.382823
     6   0.600000 -3729050.81254 3935675.61866 -3348394.25660     -0.00217     -0.00275     -0.00047 -0.153752  0.045890  0.909781  0.382823
     7   0.700000 -3729050.81254 3935675.61866 -3348394.25660     -0.00054     -0.00069     -0.00012 -0.153752  0.045890  0.909781  0.382823
     8   0.800000 -3729050.81254 3935675.61866 -3348394.25660     -0.00004     -0.00004     -0.00001 -0.153752  0.045890  0.909781  0.382823
     9   0.900000 -3729050.81254 3935675.61866 -3348394.25660      0.00004      0.00005      0.00001 -0.153752  0.045890  0.909781  0.382823
    10   1.000000 -3729050.81254 3935675.61866 -3348394.25660      0.00002      0.00003      0.00000 -0.153752  0.045890  0.909781  0.382823
    11   1.100000 -3729050.81254 3935675.61866 -3348394.25660      0.00000      0.00001      0.00000 -0.153752  0.045890  0.909781  0.382823
    12   1.200000 -3729050.81254 3935675.61866 -3348394.25660     -0.00000      0.00000      0.00000 -0.153752  0.045890  0.909781  0.382823
    13   1.300000 -3729050.81254 3935675.61866 -3348394.25660     -0.00000      0.00000     -0.00000 -0.153752  0.045890  0.909781  0.382823
    14   1.400000 -3729050.81254 3935675.61866 -3348394.25660     -0.00000     -0.00000      0.00000 -0.153752  0.045890  0.909781  0.382823
    15   1.500000 -3729050.81254 3935675.61866 -3348394.25660     -0.00000      0.00000     -0.00000 -0.153752  0.045890  0.909781  0.382823
    16   1.600000 -3729050.81254 3935675.61866 -3348394.25660     -0.00000     -0.00000      0.00000 -0.153752  0.045890  0.909781  0.382823
    17   1.700000 -3729050.81254 3935675.61866 -3348394.25660      0.00000      0.00000     -0.00000 -0.153752  0.045890  0.909781  0.382823
    18   1.800000 -3729050.81254 3935675.61866 -3348394.25660     -0.00000      0.00000     -0.00000 -0.153752  0.045890  0.909781  0.382823
    19   1.900000 -3729050.81254 3935675.61866 -3348394.25660     -0.00000     -0.00000      0.00000 -0.153752  0.045890  0.909781  0.382823
    20   2.000000 -3729050.81254 3935675.61866 -3348394.25660      0.00000      0.00000      0.00000 -0.153752  0.045890  0.909781  0.382823
    21   2.100000 -3729050.81254 3935675.61866 -3348394.25660     -0.00000      0.00000      0.00000 -0.153752  0.045890  0.909781  0.382823
    22   2.200000 -3729050.81254 3935675.61866 -3348394.25660      0.00000     -0.00000      0.00000 -0.153752  0.045890  0.909781  0.382823
    23   2.300000 -3729050.81254 3935675.61866 -3348394.25660      0.00000     -0.00000      0.00000 -0.153752  0.045890  0.909781  0.382823
    24   2.400000 -3729050.81254 3935675.61866 -3348394.25660     -0.00000      0.00000     -0.00000 -0.153752  0.045890  0.909781  0.382823
    25   2.500000 -3729050.81254 3935675.61866 -3348394.25660      0.00000     -0.00000      0.00000 -0.153752  0.045890  0.909781  0.382823
    26   2.600000 -3729050.81254 3935675.61866 -3348394.25660     -0.00000     -0.00000     -0.00000 -0.153752  0.045890  0.909781  0.382823
    27   2.700000 -3729050.81254 3935675.61866 -3348394.25660      0.00000      0.00000      0.00000 -0.153752  0.045890  0.909781  0.382823
    28   2.800000 -3729050.81254 3935675.61866 -3348394.25660      0.00000     -0.00000      0.00000 -0.153752  0.045890  0.909781  0.382823
    29   2.900000 -3729050.81254 3935675.61866 -3348394.25660      0.00000      0.00000      0.00000 -0.153752  0.045890  0.909781  0.382823
    30   3.000000 -3729050.81254 3935675.61866 -3348394.25660     -0.00000      0.00000     -0.00000 -0.153752  0.045890  0.909781  0.382823
    31   3.100000 -3729050.81254 3935675.61866 -3348394.25660     -0.00000      0.00000     -0.00000 -0.153752  0.045890  0.909781  0.382823
    32   3.200000 -3729050.81254 3935675.61866 -3348394.25660     -0.00000      0.00000      0.00000 -0.153752  0.045890  0.909781  0.382823
    33   3.300000 -3729050.81254 3935675.61866 -3348394.25660     -0.00000      0.00000      0.00000 -0.153752  0.045890  0.909781  0.382823
    34   3.400000 -3729050.81254 3935675.61866 -3348394.25660     -0.00000      0.00000     -0.00000 -0.153752  0.045890  0.909781  0.382823
    35   3.500000 -3729050.81254 3935675.61866 -3348394.25660     -0.00000      0.00000     -0.00000 -0.153752  0.045890  0.909781  0.382823
    36   3.600000 -3729050.81254 3935675.61866 -3348394.25660     -0.00000     -0.00000      0.00000 -0.153752  0.045890  0.909781  0.382823
    37   3.700000 -3729050.81254 3935675.61866 -3348394.25660      0.00000     -0.00000      0.00000 -0.153752  0.045890  0.909781  0.382823
    38   3.800000 -3729050.81254 3935675.61866 -3348394.25660      0.00000      0.00000     -0.00000 -0.153752  0.045890  0.909781  0.382823
    39   3.900000 -3729050.81254 3935675.61866 -3348394.25660      0.00000      0.00000      0.00000 -0.153752  0.045890  0.909781  0.382823
    40   4.000000 -3729050.81254 3935675.61866 -3348394.25660     -0.00000     -0.00000      0.00000 -0.153752  0.045890  0.909781  0.382823
    41   4.100000 -3729050.81254 3935675.61866 -3348394.25660     -0.00000     -0.00000      0.00000 -0.153752  0.045890  0.909781  0.382823
    42   4.200000 -3729050.81254 3935675.61866 -3348394.25660     -0.00000      0.00000     -0.00000 -0.153752  0.045890  0.909781  0.382823
    43   4.300000 -3729050.81254 3935675.61866 -3348394.25660     -0.00000      0.00000     -0.00000 -0.153752  0.045890  0.909781  0.382823
    44   4.400000 -3729050.81254 3935675.61866 -3348394.25660      0.00000     -0.00000      0.00000 -0.153752  0.045890  0.909781  0.382823
    45   4.500000 -3729050.81254 3935675.61866 -3348394.25660     -0.00000      0.00000     -0.00000 -0.153752  0.045890  0.909781  0.382823
    46   4.600000 -3729050.81254 3935675.61866 -3348394.25660     -0.00000      0.00000     -0.00000 -0.153752  0.045890  0.909781  0.382823
    47   4.700000 -3729050.81254 3935675.61866 -3348394.25660      0.00000      0.00000      0.00000 -0.153752  0.045890  0.909781  0.382823
    48   4.800000 -3729050.81254 3935675.61866 -3348394.25660      0.00000     -0.00000      0.00000 -0.153752  0.045890  0.909781  0.382823
    49   4.900000 -3729050.81254 3935675.61866 -3348394.25660      0.00000     -0.00000      0.00000 -0.153752  0.045890  0.909781  0.382823
    50   5.000000 -3729050.81254 3935675.61866 -3348394.25660     -0.00000     -0.00000      0.00000 -0.153752  0.045890  0.909781  0.382823
    51   5.100000 -3729050.81254 3935675.61866 -3348394.25660     -0.00000      0.00000     -0.00000 -0.153752  0.045890  0.909781  0.382823
    52   5.200000 -3729050.81254 3935675.61866 -3348394.25660     -0.00000     -0.00000      0.00000 -0.153752  0.045890  0.909781  0.382823
    53   5.300000 -3729050.81254 3935675.61866 -3348394.25660     -0.00000      0.00000     -0.00000 -0.153752  0.045890  0.909781  0.382823
    54   5.400000 -3729050.81254 3935675.61866 -3348394.25660     -0.00000      0.00000     -0.00000 -0.153752  0.045890  0.909781  0.382823
    55   5.500000 -3729050.81254 3935675.61866 -3348394.25660      0.00000     -0.00000      0.00000 -0.153752  0.045890  0.909781  0.382823
    56   5.600000 -3729050.81254 3935675.61866 -3348394.25660      0.00000     -0.00000      0.00000 -0.153752  0.045890  0.909781  0.382823
    57   5.700000 -3729050.81254 3935675.61866 -3348394.25660     -0.00000      0.00001     -0.00000 -0.153752  0.045890  0.909781  0.382823
    58   5.800000 -3729050.81254 3935675.61866 -3348394.25660     -0.00000      0.00000     -0.00000 -0.153752  0.045890  0.909781  0.382823
    59   5.900000 -3729050.81254 3935675.61866 -3348394.25660      0.00000      0.00000      0.00000 -0.153752  0.045890  0.909781  0.382823
    60   6.000000 -3729050.81254 3935675.61866 -3348394.25660      0.00000      0.00000      0.00000 -0.153752  0.045890  0.909781  0.382823
    61   6.100000 -3729050.81254 3935675.61866 -3348394.25660      0.00000     -0.00000      0.00000 -0.153752  0.045890  0.909781  0.382823
    62   6.200000 -3729050.81254 3935675.61866 -3348394.25660     -0.00000      0.00000     -0.00000 -0.153752  0.045890  0.909781  0.382823
    63   6.300000 -3729050.81254 3935675.61866 -3348394.25660     -0.00000      0.00000     -0.00000 -0.153752  0.045890  0.909781  0.382823
    64   6.400000 -3729050.81254 3935675.61866 -3348394.25660      0.00000     -0.00000      0.00000 -0.153752  0.045890  0.909781  0.382823
    65   6.500000 -3729050.81254 3935675.61866 -3348394.25660      0.00000      0.00000      0.00000 -0.153752  0.045890  0.909781  0.382823
    66   6.600000 -3729050.81254 3935675.61866 -3348394.25660      0.00000     -0.00000      0.00000 -0.153752  0.045890  0.909781  0.382823
    67   6.700000 -3729050.81254 3935675.61866 -3348394.25660      0.00000      0.00000      0.00000 -0.153752  0.045890  0.909781  0.382823
    68   6.800000 -3729050.81254 3935675.61866 -3348394.25660      0.00000      0.00000      0.00000 -0.153752  0.045890  0.909781  0.382823
    69   6.900000 -3729050.81254 3935675.61866 -3348394.25660     -0.00000     -0.00000     -0.00000 -0.153752  0.045890  0.909781  0.382823
    70   7.000000 -3729050.81254 3935675.61866 -3348394.25660      0.00000     -0.00000      0.00000 -0.153752  0.045890  0.909781  0.382823
    71   7.100000 -3729050.81254 3935675.61866 -3348394.25660      0.00000     -0.00000      0.00000 -0.153752  0.045890  0.909781  0.382823
    72   7.200000 -3729050.81254 3935675.61866 -3348394.25660      0.00000     -0.00000      0.00000 -0.153752  0.045890  0.909781  0.382823
    73   7.300000 -3729050.81254 3935675.61866 -3348394.25660     -0.00000     -0.00000      0.00000 -0.153752  0.045890  0.909781  0.382823
    74   7.400000 -3729050.81254 3935675.61866 -3348394.25660     -0.00000     -0.00000     -0.00000 -0.153752  0.045890  0.909781  0.382823
    75   7.500000 -3729050.81254 3935675.61866 -3348394.25660      0.00000      0.00000      0.00000 -0.153752  0.045890  0.909781  0.382823
    76   7.600000 -3729050.81254 3935675.61866 -3348394.25660      0.00000     -0.00000      0.00000 -0.153752  0.045890  0.909781  0.382823
    77   7.700000 -3729050.81254 3935675.61866 -3348394.25660      0.00000      0.00000      0.00000 -0.153752  0.045890  0.909781  0.382823
    78   7.800000 -3729050.81254 3935675.61866 -3348394.25660     -0.00000      0.00000     -0.00000 -0.153752  0.045890  0.909781  0.382823
    79   7.900000 -3729050.81254 3935675.61866 -3348394.25660     -0.00000     -0.00000      0.00000 -0.153752  0.045890  0.909781  0.382823
    80   8.000000 -3729050.81254 3935675.61866 -3348394.25660     -0.00000      0.00000     -0.00000 -0.153752  0.045890  0.909781  0.382823
    81   8.100000 -3729050.81254 3935675.61866 -3348394.25660      0.00000     -0.00000      0.00000 -0.153752  0.045890  0.909781  0.382823
    82   8.200000 -3729050.81254 3935675.61866 -3348394.25660     -0.00000     -0.00000      0.00000 -0.153752  0.045890  0.909781  0.382823
    83   8.300000 -3729050.81254 3935675.61866 -3348394.25660     -0.00000      0.00000     -0.00000 -0.153752  0.045890  0.909781  0.382823
    84   8.400000 -3729050.81254 3935675.61866 -3348394.25660     -0.00000      0.00000     -0.00000 -0.153752  0.045890  0.909781  0.382823
    85   8.500000 -3729050.81254 3935675.61866 -3348394.25660     -0.00000      0.00000      0.00000 -0.153752  0.045890  0.909781  0.382823
    86   8.600000 -3729050.81254 3935675.61866 -3348394.25660     -0.00000      0.00000     -0.00000 -0.153752  0.045890  0.909781  0.382823
    87   8.700000 -3729050.81254 3935675.61866 -3348394.25660     -0.00000      0.00000      0.00000 -0.153752  0.045890  0.909781  0.382823
    88   8.800000 -3729050.81254 3935675.61866 -3348394.25660      0.00000      0.00000      0.00000 -0.153752  0.045890  0.909781  0.382823
    89   8.900000 -3729050.81254 3935675.61866 -3348394.25660      0.00000     -0.00000      0.00000 -0.153752  0.045890  0.909781  0.382823
    90   9.000000 -3729050.81254 3935675.61866 -3348394.25660      0.00000     -0.00000      0.00000 -0.153752  0.045890  0.909781  0.382823
    91   9.100000 -3729050.81254 3935675.61866 -3348394.25660      0.00000     -0.00000      0.00000 -0.153752  0.045890  0.909781  0.382823
    92   9.200000 -3729050.81254 3935675.61866 -3348394.25660      0.00000      0.00000      0.00000 -0.153752  0.045890  0.909781  0.382823
    93   9.300000 -3729050.81254 3935675.61866 -3348394.25660     -0.00000      0.00000      0.00000 -0.153752  0.045890  0.909781  0.382823
    94   9.400000 -3729050.81254 3935675.61866 -3348394.25660     -0.00000     -0.00000      0.00000 -0.153752  0.045890  0.909781  0.382823
    95   9.500000 -3729050.81254 3935675.61866 -3348394.25660     -0.00000      0.00000     -0.00000 -0.153752  0.045890  0.909781  0.382823
    96   9.600000 -3729050.81254 3935675.61866 -3348394.25660     -0.00000      0.00000     -0.00000 -0.153752  0.045890  0.909781  0.382823
    97   9.700000 -3729050.81254 3935675.61866 -3348394.25660      0.00000      0.00000     -0.00000 -0.153752  0.045890  0.909781  0.382823
    98   9.800000 -3729050.81254 3935675.61866 -3348394.25660      0.00000     -0.00000      0.00000 -0.153752  0.045890  0.909781  0.382823
